INP 225
ADD 225 6 6
DAT 1100
ADD 238 225 104
NOP
MUL 171 209 224
ADD 224 #-1040 224
OUT 224
MUL #8 223 223
ADD 224 #4 224
ADD 223 224 223
MUL #65 102 224
ADD #-3575 224 224
OUT 224
MUL #8 223 223
ADD #2 224 224
ADD 223 224 223
MUL #9 #82 224
ADD 224 #-738 224
OUT 224
MUL #8 223 223
ADD 224 #2 224
ADD 223 224 223
ADD #52 #13 224
ADD 224 #-65 224
OUT 224
MUL 223 #8 223
ADD 224 #6 224
ADD 223 224 223
MUL #82 #55 225
ADD 213 #67 224
ADD 224 #-126 224
OUT 224
MUL #8 223 223
ADD 224 #7 224
ADD 223 224 223
ADD 217 202 224
ADD 224 #-68 224
OUT 224
MUL 223 #8 223
ADD 224 #1 224
ADD 224 223 223
MUL 176 #17 224
ADD #-595 224 224
OUT 224
MUL #8 223 223
ADD #2 224 224
ADD 224 223 223
MUL #20 #92 225
MUL #80 #35 225
ADD #21 205 224
ADD 224 #-84 224
OUT 224
MUL 223 #8 223
ADD 224 #1 224
ADD 224 223 223
ADD #91 #45 225
MUL #63 #5 225
ADD #52 #58 225
MUL #59 #63 225
ADD #23 #14 225
OUT 223
HALT
DAT 0 0 0 677 0 0 0 0 0 0 0 0 0 0 0
BNZ #0 #99999
BNZ #227 #247
BNZ #1 #99999
BNZ 227 #99999
BNZ 0 #256
BNZ #1 #99999
BRZ #227 #99999
BRZ #0 #265
BNZ #1 #99999
BRZ 0 #99999
BRZ 227 #274
BNZ #1 #99999
BNZ #1 #280
BNZ #1 #99999
ADD 225 225 225
ADD #294 #0 0
BNZ #1 0
BNZ #1 #99999
BRZ #0 #300
BNZ #1 #99999
ADD 225 225 225
ADD #314 #0 0
BRZ #0 0
BNZ #1 #99999
TEQ 677 #677 224
MUL 223 #2 223
BRZ 224 #329
ADD #1 223 223
TEQ #226 #677 224
MUL 223 #2 223
BRZ 224 #344
ADD #1 223 223
TLT 677 226 224
MUL #2 223 223
BRZ 224 #359
ADD 223 #1 223
TEQ 677 226 224
MUL #2 223 223
BNZ 224 #374
ADD 223 #1 223
TLT #677 #226 224
MUL #2 223 223
BRZ 224 #389
ADD 223 #1 223
TEQ 226 #226 224
MUL 223 #2 223
BNZ 224 #404
ADD 223 #1 223
TLT 226 677 224
MUL #2 223 223
BNZ 224 #419
ADD 223 #1 223
TLT 677 #677 224
MUL #2 223 223
BRZ 224 #434
ADD 223 #1 223
TLT #226 226 224
MUL 223 #2 223
BNZ 224 #449
ADD 223 #1 223
TEQ 677 #226 224
MUL #2 223 223
BRZ 224 #464
ADD 223 #1 223
TLT 677 #226 224
MUL 223 #2 223
BNZ 224 #479
ADD 223 #1 223
TEQ #677 677 224
MUL 223 #2 223
BRZ 224 #494
ADD 223 #1 223
TEQ #226 226 224
MUL 223 #2 223
BRZ 224 #509
ADD #1 223 223
TEQ 226 677 224
MUL #2 223 223
BRZ 224 #524
ADD #1 223 223
TLT #677 226 224
MUL 223 #2 223
BNZ 224 #539
ADD 223 #1 223
TEQ 226 226 224
MUL #2 223 223
BNZ 224 #554
ADD #1 223 223
TEQ #677 #226 224
MUL #2 223 223
BRZ 224 #569
ADD #1 223 223
TEQ #677 226 224
MUL #2 223 223
BRZ 224 #584
ADD 223 #1 223
TLT 677 677 224
MUL 223 #2 223
BNZ 224 #599
ADD #1 223 223
TLT 226 #226 224
MUL #2 223 223
BNZ 224 #614
ADD 223 #1 223
TLT #226 #677 224
MUL #2 223 223
BRZ 224 #629
ADD #1 223 223
TLT #226 #226 224
MUL #2 223 223
BNZ 224 #644
ADD 223 #1 223
TEQ #677 #677 224
MUL 223 #2 223
BNZ 224 #659
ADD #1 223 223
TLT #677 677 224
MUL 223 #2 223
BRZ 224 #674
ADD 223 #1 223
OUT 223
HALT
DAT 226